1266032015561949184
1346083005312491520
1384775887715983367
1350428701083783170
1282753615745122309
1301231611749560321
1341766490698244098
1332036946340818947
1384902375199199232
1400529973107167233
1367872119942610948
1363161161210998787
1292725977597071360
1349646796952391682
1295381391081963526
1346130232286306305
1372876680319094790
1221047455871066112
1414900969586970626
1354017259245678593
1304098879424671746
1321528655349194754
1404126524601667584
1361615449176371205
1289833465664348160
1261636509687480320
1364515072492634117
1356555977395421184
1303241987080978433
1349291826642104320
1274026489139388419
1239875947127615489
1403253970123071488
1273994955481063426
1331481141619134467
1370048275257171970
1387697424995651585
1234468355337310209
1333351666305953793
1314229206314819587
1258535942966542339
1377647926298750977
1274021855305793538
1220090936828596227
1331301868895678466
1272983531598295041
1230491987754803200
1244342808145780737
1225325359874412544
1319583476337790977
1251087779976658944
1304391255795920896
1250312667232743431
1232380199771287553
1345864729009520643
1261943536838205440
1314974711856746496
1312381648160337920
1373606325549203456
1392535727074910213
1316425965573230599
1359869640223186947
1356340620156145664
1319531468608229376
1239563793962872834
1423960835131691009
1273877035975356419
1316289960476057600
1386363442739781638
1219641200568885249
1311726571816972288
1393578919874412549
1326815209202343936
1346085742095839232
